A = [1	0.034930	0.000000	0.035630	0.000000	0	1.00E+10	0	0	0	1	1	0
1 0.035630 0.000000 0.036330 0.000000 0 1.00E+10 0 0 0 1 1 0
1	0.036330	0.000000	0.037030	0.000000	0	1.00E+10	0	0	0	1	1	0
1	0.037030	0.000000	0.037730	0.000000	0	1.00E+10	0	0	0	1	1	0
1	0.037730	0.000000	0.038430	0.000000	0	1.00E+10	0	0	0	1	1	0
1	0.038430	0.000000	0.039130	0.000000	0	1.00E+10	0	0	0	1	1	0
1	0.039130	0.000000	0.039830	0.000000	0	1.00E+10	0	0	0	1	1	0
1	0.039830	0.000000	0.040530	0.000000	0	1.00E+10	0	0	0	1	1	0
1	0.040530	0.000000	0.041230	0.000000	0	1.00E+10	0	0	0	1	1	0
1	0.041230	0.000000	0.041930	0.000000	0	1.00E+10	0	0	0	1	1	0
1	0.041930	0.000000	0.042630	0.000000	0	1.00E+10	0	0	0	1	1	0
1	0.042630	0.000000	0.043330	0.000000	0	1.00E+10	0	0	0	1	1	0
1	0.043330	0.000000	0.044030	0.000000	0	1.00E+10	0	0	0	1	1	0
1	0.044030	0.000000	0.044730	0.000000	0	1.00E+10	0	0	0	1	1	0
1	0.044730	0.000000	0.045430	0.000000	0	1.00E+10	0	0	0	1	1	0
1	0.045430	0.000000	0.046130	0.000000	0	1.00E+10	0	0	0	1	1	0
1	0.046130	0.000000	0.046830	0.000000	0	1.00E+10	0	0	0	1	1	0
1	0.046830	0.000000	0.047530	0.000000	0	1.00E+10	0	0	0	1	1	0
1	0.047530	0.000000	0.048230	0.000000	0	1.00E+10	0	0	0	1	1	0
1	0.048230	0.000000	0.048930	0.000000	0	1.00E+10	0	0	0	1	1	0
1	0.048930	0.000000	0.049630	0.000000	0	1.00E+10	0	0	0	1	1	0
1	0.049630	0.000000	0.050330	0.000000	0	1.00E+10	0	0	0	1	1	0
1	0.050330	0.000000	0.051030	0.000000	0	1.00E+10	0	0	0	1	1	0
1	0.051030	0.000000	0.051730	0.000000	0	1.00E+10	0	0	0	1	1	0
1	0.051730	0.000000	0.052430	0.000000	0	1.00E+10	0	0	0	1	1	0
1	0.052430	0.000000	0.053130	0.000000	0	1.00E+10	0	0	0	1	1	0
1	0.053130	0.000000	0.053830	0.000000	0	1.00E+10	0	0	0	1	1	0
1	0.053830	0.000000	0.054530	0.000000	0	1.00E+10	0	0	0	1	1	0
1	0.054530	0.000000	0.055230	0.000000	0	1.00E+10	0	0	0	1	1	0
1	0.055230	0.000000	0.055930	0.000000	0	1.00E+10	0	0	0	1	1	0
1	0.055930	0.000000	0.056630	0.000000	0	1.00E+10	0	0	0	1	1	0
1	0.056630	0.000000	0.057330	0.000000	0	1.00E+10	0	0	0	1	1	0
1	0.057330	0.000000	0.058030	0.000000	0	1.00E+10	0	0	0	1	1	0
1	0.058030	0.000000	0.058730	0.000000	0	1.00E+10	0	0	0	1	1	0
1	0.058730	0.000000	0.059430	0.000000	0	1.00E+10	0	0	0	1	1	0
1	0.059430	0.000000	0.060130	0.000000	0	1.00E+10	0	0	0	1	1	0
1	0.060130	0.000000	0.060830	0.000000	0	1.00E+10	0	0	0	1	1	0
1	0.060830	0.000000	0.061530	0.000000	0	1.00E+10	0	0	0	1	1	0
1	0.061530	0.000000	0.062230	0.000000	0	1.00E+10	0	0	0	1	1	0
1	0.062230	0.000000	0.062930	0.000000	0	1.00E+10	0	0	0	1	1	0
1	0.062930	0.000000	0.063630	0.000000	0	1.00E+10	0	0	0	1	1	0
1	0.063630	0.000000	0.06426442	-0.00029583	0	1.00E+10	0	0	0	1	1	0
1	0.06426442	-0.00029583	0.06494057	-0.00047700	0	1.00E+10	0	0	0	1	1	0
1	0.06494057	-0.00047700	0.06561672	-0.00065817	0	1.00E+10	0	0	0	1	1	0
1	0.06561672	-0.00065817	0.06629287	-0.00083934	0	1.00E+10	0	0	0	1	1	0
1	0.06629287	-0.00083934	0.06696902	-0.00102051	0	1.00E+10	0	0	0	1	1	0
1	0.06696902	-0.00102051	0.06764517	-0.00120168	0	1.00E+10	0	0	0	1	1	0
1	0.06764517	-0.00120168	0.06832132	-0.00138285	0	1.00E+10	0	0	0	1	1	0
1	0.06832132	-0.00138285	0.06899747	-0.00156402	0	1.00E+10	0	0	0	1	1	0
1	0.06899747	-0.00156402	0.06967362	-0.00174519	0	1.00E+10	0	0	0	1	1	0
1	0.06967362	-0.00174519	0.07034977	-0.00192636	0	1.00E+10	0	0	0	1	1	0
1	0.07034977	-0.00192636	0.07102592	-0.00210753	0	1.00E+10	0	0	0	1	1	0
1	0.07102592	-0.00210753	0.07170207	-0.00228870	0	1.00E+10	0	0	0	1	1	0
1	0.07170207	-0.00228870	0.07237822	-0.00246987	0	1.00E+10	0	0	0	1	1	0
1	0.07237822	-0.00246987	0.07305437	-0.00265104	0	1.00E+10	0	0	0	1	1	0
1	0.07305437	-0.00265104	0.07373052	-0.00283221	0	1.00E+10	0	0	0	1	1	0
1	0.07373052	-0.00283221	0.07441989	-0.00295376	0	1.00E+10	0	0	0	1	1	0
1	0.07441989	-0.00295376	0.07510926	-0.00307531	0	1.00E+10	0	0	0	1	1	0
1	0.07510926	-0.00307531	0.07579863	-0.00319686	0	1.00E+10	0	0	0	1	1	0
1	0.07579863	-0.00319686	0.07649597	-0.00325786	0	1.00E+10	0	0	0	1	1	0
1	0.07649597	-0.00325786	0.07719331	-0.00331886	0	1.00E+10	0	0	0	1	1	0
1	0.07719331	-0.00331886	0.07789065	-0.00337986	0	1.00E+10	0	0	0	1	1	0
1	0.07789065	-0.00337986	0.07858799	-0.00344086	0	1.00E+10	0	0	0	1	1	0
1	0.07858799	-0.00344086	0.07928533	-0.00350186	0	1.00E+10	0	0	0	1	1	0
1	0.07928533	-0.00350186	0.07998533	-0.00350185	0	1.00E+10	0	0	0	1	1	0
1	0.07998533	-0.00350185	0.08068533	-0.00350184	0	1.00E+10	0	0	0	1	1	0
1	0.08068533	-0.00350184	0.08138533	-0.00350183	0	1.00E+10	0	0	0	1	1	0
1	0.08138533	-0.00350183	0.08208533	-0.00350182	0	1.00E+10	0	0	0	1	1	0
1	0.08208533	-0.00350182	0.08278533	-0.00350181	0	1.00E+10	0	0	0	1	1	0
1	0.08278533	-0.00350181	0.08348533	-0.00350180	0	1.00E+10	0	0	0	1	1	0
1	0.08348533	-0.00350180	0.08418533	-0.00350179	0	1.00E+10	0	0	0	1	1	0
1	0.08418533	-0.00350179	0.08488533	-0.00350178	0	1.00E+10	0	0	0	1	1	0
1	0.08488533	-0.00350178	0.08558533	-0.00350177	0	1.00E+10	0	0	0	1	1	0
1	0.08558533	-0.00350177	0.08628533	-0.00350176	0	1.00E+10	0	0	0	1	1	0
1	0.08628533	-0.00350176	0.08698533	-0.00350175	0	1.00E+10	0	0	0	1	1	0
1	0.08698533	-0.00350175	0.08768533	-0.00350174	0	1.00E+10	0	0	0	1	1	0
1	0.08768533	-0.00350174	0.08838533	-0.00350173	0	1.00E+10	0	0	0	1	1	0
1	0.08838533	-0.00350173	0.08908533	-0.00350172	0	1.00E+10	0	0	0	1	1	0
1	0.08908533	-0.00350172	0.08978533	-0.00350171	0	1.00E+10	0	0	0	1	1	0
1	0.08978533	-0.00350171	0.09048533	-0.00350170	0	1.00E+10	0	0	0	1	1	0
1	0.09048533	-0.00350170	0.09118533	-0.00350169	0	1.00E+10	0	0	0	1	1	0
1	0.09118533	-0.00350169	0.09188533	-0.00350168	0	1.00E+10	0	0	0	1	1	0
1	0.09188533	-0.00350168	0.09258533	-0.00350167	0	1.00E+10	0	0	0	1	1	0
1	0.09258533	-0.00350167	0.09328533	-0.00350166	0	1.00E+10	0	0	0	1	1	0
1	0.09328533	-0.00350166	0.09398533	-0.00350165	0	1.00E+10	0	0	0	1	1	0
1	0.09398533	-0.00350165	0.09468533	-0.00350164	0	1.00E+10	0	0	0	1	1	0
1	0.09468533	-0.00350164	0.09538533	-0.00350163	0	1.00E+10	0	0	0	1	1	0
1	0.09538533	-0.00350163	0.09608533	-0.00350162	0	1.00E+10	0	0	0	1	1	0
1	0.09608533	-0.00350162	0.09678533	-0.00350161	0	1.00E+10	0	0	0	1	1	0
1	0.09678533	-0.00350161	0.09748533	-0.00350160	0	1.00E+10	0	0	0	1	1	0
1	0.09748533	-0.00350160	0.09818533	-0.00350159	0	1.00E+10	0	0	0	1	1	0
1	0.09818533	-0.00350159	0.09888533	-0.00350158	0	1.00E+10	0	0	0	1	1	0
1	0.09888533	-0.00350158	0.09958533	-0.00350157	0	1.00E+10	0	0	0	1	1	0
1	0.09958533	-0.00350157	0.10028533	-0.00350156	0	1.00E+10	0	0	0	1	1	0
1	0.10028533	-0.00350156	0.10098533	-0.00350155	0	1.00E+10	0	0	0	1	1	0
1	0.10098533	-0.00350155	0.10168533	-0.00350154	0	1.00E+10	0	0	0	1	1	0
1	0.10168533	-0.00350154	0.10238267	-0.00356254	0	1.00E+10	0	0	0	1	1	0
1	0.10238267	-0.00356254	0.10308001	-0.00362354	0	1.00E+10	0	0	0	1	1	0
1	0.10308001	-0.00362354	0.10377735	-0.00368454	0	1.00E+10	0	0	0	1	1	0
1	0.10377735	-0.00368454	0.10447469	-0.00374554	0	1.00E+10	0	0	0	1	1	0
1	0.10447469	-0.00374554	0.10517203	-0.00380654	0	1.00E+10	0	0	0	1	1	0
1	0.10517203	-0.00380654	0.10586937	-0.00386754	0	1.00E+10	0	0	0	1	1	0
1	0.10586937	-0.00386754	0.10656671	-0.00392854	0	1.00E+10	0	0	0	1	1	0
1	0.10656671	-0.00392854	0.10726405	-0.00398954	0	1.00E+10	0	0	0	1	1	0
1	0.10726405	-0.00398954	0.10796139	-0.00405054	0	1.00E+10	0	0	0	1	1	0
1	0.10796139	-0.00405054	0.10865873	-0.00411154	0	1.00E+10	0	0	0	1	1	0
1	0.10865873	-0.00411154	0.10935607	-0.00417254	0	1.00E+10	0	0	0	1	1	0
1	0.10935607	-0.00417254	0.11005341	-0.00423354	0	1.00E+10	0	0	0	1	1	0
1	0.11005341	-0.00423354	0.11075075	-0.00429454	0	1.00E+10	0	0	0	1	1	0
1	0.11075075	-0.00429454	0.11144809	-0.00435554	0	1.00E+10	0	0	0	1	1	0
1	0.11144809	-0.00435554	0.11214543	-0.00441654	0	1.00E+10	0	0	0	1	1	0
1	0.11214543	-0.00441654	0.11284277	-0.00447754	0	1.00E+10	0	0	0	1	1	0
1	0.11284277	-0.00447754	0.11354011	-0.00453854	0	1.00E+10	0	0	0	1	1	0
1	0.11354011	-0.00453854	0.11423745	-0.00459954	0	1.00E+10	0	0	0	1	1	0
1	0.11423745	-0.00459954	0.11493479	-0.00466054	0	1.00E+10	0	0	0	1	1	0
1	0.11493479	-0.00466054	0.11563213	-0.00472154	0	1.00E+10	0	0	0	1	1	0
1	0.11563213	-0.00472154	0.11632947	-0.00478254	0	1.00E+10	0	0	0	1	1	0
1	0.11632947	-0.00478254	0.11702681	-0.00484354	0	1.00E+10	0	0	0	1	1	0
